d	s	a	m_i
1	1	3	1
4	2	10	1	4
2	1	4	1
3	1	5	2
5	2	14	1	5
32	4	158	2	4	20	58
6	2	17	2	5
26	4	134	1	1	22	58
9	3	38	1	1	13
76	5	466	2	8	8	4	137
27	4	137	1	7	20	32
60	5	386	2	7	20	25	97
7	3	34	1	7	19
8	3	35	1	4	16
29	4	145	2	4	20	53
97	6	833	2	8	5	67	133	239
10	3	41	1	4	19
42	5	295	1	8	1	35	134
22	4	115	1	1	16	61
79	5	478	1	7	16	50	83
11	3	43	1	7	26
105	6	871	2	2	14	52	89	241
30	4	149	1	7	14	8
59	5	379	1	5	19	35	124
12	3	46	1	7	8
56	5	367	2	8	11	22	193
13	3	49	2	5	13
94	6	797	1	5	13	29	233	131
14	3	53	1	4	10
18	4	94	1	8	1	38
15	4	86	1	2	25	34
88	6	766	1	8	23	67	154	497
16	4	89	1	1	11	11
41	5	289	1	4	4	64	94
23	4	118	1	4	19	64
111	6	925	2	1	5	10	230	367
17	4	92	1	1	22	26
107	6	892	2	5	1	5	158	590
44	5	311	2	5	14	13	74
114	6	934	1	5	10	80	149	97
20	4	101	2	1	10	23
78	5	470	2	8	2	28	100
31	4	151	2	7	11	59
81	6	734	2	4	19	25	184	118
28	4	139	2	4	11	4
62	5	391	1	4	4	10	166
39	5	281	1	8	4	5	68
101	6	845	2	2	5	44	41	188
